4
15
84
48
89
33
46
64
79
4
61
70
28
61
13
74
14
82
66
90
72
83
95
35
95
93
69
29
93
2
57
43
60
54
64
66
37
28
88
5
26
65
47
72
3
10
87
63
4
76
75
86
1
77
71
20
19
49
52
95
63
17
70
77
46
18
11
73
97
46
38
85
93
61
65
7
37
23
32
86
7
7
26
18
27
70
42
83
82
44
47
87
76
92
42
9
95
69
27
85
98
14
65
57
39
89
92
40
13
64
83
96
18
66
88
56
91
53
51
75
75
28
90
54
99
50
10
2
19
56
12
68
96
47
87
93
41
69
79
38
78
3
70
18
61
51
70
11
5
85
17
43
19
51
10
71
23
12
57
88
79
91
21
56
53
15
99
70
78
95
16
22
73
14
97
73
57
73
92
48
80
98
96
34
40
68
50
46
38
16
71
30
12
90
58
86
82
15
64
46
51
99
32
10
70
95
69
6
53
37
15
50
19
9
8
80
94
86
17
84
65
54
32
62
24
86
11
83
55
11
90
42
9
47
97
80
67
87
64
44
99
44
92
2
2
22
11
3
83
77
92
95
98
80
80
97
67
69
85
84
84
85
50
43
46
72
42
72
12
28
14
7
23
72
85
21
61
31
60
3
75
8
1
78
19
94
43
29
67
99
13
97
3
80
60
14
94
50
56
30
79
39
90
55
63
85
73
27
94
59
36
37
9
82
9
76
85
71
24
51
29
14
6
12
15
17
5
42
12
71
27
12
75
31
23
37
18
45
16
34
22
17
34
8
64
76
88
20
71
83
29
23
27
5
1
66
34
79
41
46
80
31
15
24
33
25
62
78
60
71
59
41
56
90
29
13
79
97
48
39
29
84
70
29
43
4
85
70
31
56
4
38
4
69
53
90
2
10
74
40
15
11
60
1
24
87
66
36
75
87
87
36
31
3
18
95
60
86
81
30
39
91
48
4
68
21
37
87
38
39
12
69
23
8
25
19
25
70
5
55
37
49
95
43
69
67
7
2
51
57
30
15
29
45
1
23
62
56
32
3
50
79
98
37
76
18
13
24
78
99
71
89
82
26
92
90
96
6
34
1
14
36
37
80
9
97
41
78
8
2
56
69
39
2
5
58
50
58
66
52
54
83
23
51
86
40
33
4
52
10
27
57
22
31
88
15
42
18
29
79
76
35
16
77
44
2
51
80
21
35
40
38
39
82
47
31
14
86
94
68
64
38
26
97
75
98
47
9
13
90
16
33
30
87
75
20
68
46
7
84
89
52
82
18
70
88
19
40
84
58
1
56
23
60
15
39
10
18
3
46
55
43
67
31
19
8
9
51
7
27
62
68
79
11
78
13
55
8
28
86
80
7
24
54
89
60
10
69
73
36
10
50
44
61
29
47
84
52
98
63
80
67
34
57
95
33
76
13
81
3
84
2
90
16
66
48
19
13
41
59
97
39
78
70
18
13
24
18
81
32
28
4
10
64
7
13
73
67
58
57
83
97
88
70
52
8
59
28
95
81
28
71
11
39
65
41
88
63
40
83
9
59
31
50
74
80
92
26
9
53
74
52
54
84
76
1
51
8
18
10
53
96
23
1
4
56
93
70
99
65
24
11
27
75
48
25
66
38
95
72
16
34
19
43
7
76
17
27
63
65
90
81
45
31
31
13
36
31
46
19
87
22
27
44
29
64
25
79
37
52
35
13
12
46
93
20
77
80
93
28
39
66
8
34
74
43
65
96
44
35
88
35
92
77
84
93
7
75
14
43
51
38
90
11
30
78
69
99
37
12
36
56
37
19
80
21
15
92
69
86
99
29
35
2
63
99
21
35
61
99
13
3
67
51
76
2
76
96
4
96
74
65
59
33
99
33
97
73
97
64
79
14
6
28
43
22
3
88
47
31
57
34
39
37
98
34
88
86
42
78
45
18
88
72
12
34
70
2
3
31
2
47
38
97
21
98
96
40
8
54
98
88
49
73
39
40
27
22
35
65
44
12
32
19
19
61
26
33
16
9
52
1
85
17
29
11
96
41
17
99
38
49
78
87
80
56
68
16
34
72
8
48
67
38
87
90
15
19
78
59
73
63
24
99
3
98
3
33
44
29
44
85
6
35
28
94
34
45
39
63
92
10
99
44
2
5
33
48
30
39
95
77
63
57
27
74
26
79
85
81
54
36
71
6
28
22
42
33
10
92
57
70
80
16
66
63
63
80
97
97
65
54
4
6
33
66
23
48
9
53
69
54
59
57
9
57
39
94
16
79
