25
2
30
87
45
52
30
27
18
65
45
68
40
95
74
17
97
49
38
47
62
25
35
61
44
30
79
39
41
37
47
80
64
10
63
49
39
40
15
83
30
80
7
35
2
86
59
76
9
28
20
42
29
92
2
1
67
68
43
16
73
90
86
80
19
64
5
30
33
25
77
58
34
55
17
81
18
99
60
58
71
3
31
14
18
6
51
71
9
62
81
71
96
99
10
40
94
27
17
37
82
29
44
83
50
62
8
74
75
20
82
68
8
85
45
70
60
73
63
14
14
33
22
70
43
7
62
35
45
77
87
90
82
23
76
43
59
47
63
55
97
77
95
88
79
13
64
11
55
40
79
21
64
4
24
49
7
73
40
44
1
72
29
97
32
91
86
84
10
2
11
13
10
8
16
37
37
34
90
30
42
51
80
6
98
67
27
78
99
27
36
86
7
20
54
25
48
98
56
87
27
79
2
53
29
66
12
56
88
87
12
72
82
10
2
50
91
24
99
65
65
8
85
82
66
25
7
89
53
90
88
39
77
3
4
63
49
28
77
32
55
71
90
13
16
63
4
96
19
5
34
25
98
91
23
19
93
20
86
4
60
23
3
97
98
72
95
80
7
38
1
64
46
68
10
93
18
72
66
3
22
10
70
49
57
63
41
86
79
84
69
30
41
73
71
33
69
92
14
43
68
24
90
81
5
69
78
31
81
30
2
21
53
84
82
50
52
53
41
36
32
10
1
22
68
71
23
73
96
77
24
25
59
24
34
97
20
88
45
87
84
10
5
50
83
49
77
57
90
22
81
16
52
78
12
59
23
68
14
33
47
6
34
5
6
76
62
30
50
84
30
63
9
53
51
22
5
50
39
20
93
66
82
75
96
9
73
80
13
75
75
52
75
12
41
79
76
1
44
7
86
48
7
6
91
18
8
98
28
89
55
72
30
93
40
80
23
59
9
97
4
81
17
75
10
78
87
97
12
71
46
4
6
32
33
46
59
76
83
78
1
74
53
23
21
3
23
81
72
60
56
18
92
47
4
5
31
32
96
14
30
10
86
56
44
51
66
98
60
93
22
46
75
30
96
29
29
94
55
8
56
6
26
52
16
29
12
59
28
29
16
28
80
70
49
91
87
96
79
69
36
25
21
79
39
10
42
62
50
74
75
37
77
89
57
24
84
35
41
15
39
8
70
32
77
93
66
5
81
6
42
33
15
85
71
32
84
47
13
6
86
49
9
53
53
79
50
91
14
25
7
52
55
65
31
29
54
89
2
45
44
38
81
45
33
42
22
92
18
26
39
38
23
36
29
89
98
17
78
97
44
74
91
56
99
89
78
50
54
42
77
95
45
67
62
49
68
64
21
11
57
58
73
87
85
68
30
20
36
41
30
37
11
4
2
69
46
25
46
43
64
72
38
76
48
44
93
55
73
79
22
35
96
67
41
85
1
4
70
31
60
59
14
14
12
41
84
41
66
92
4
43
19
78
47
84
21
97
39
42
75
75
46
57
20
95
41
43
63
16
68
42
55
16
83
6
59
25
64
8
59
52
88
81
76
78
17
19
21
56
65
4
65
29
55
85
13
57
94
16
99
42
77
50
24
61
88
4
94
42
26
95
34
31
83
23
86
65
80
41
79
22
23
8
51
65
77
27
60
97
92
3
31
48
8
17
74
39
57
16
90
13
24
78
30
69
70
34
45
32
98
48
76
53
37
78
19
70
99
59
84
62
43
97
49
24
65
85
24
66
48
48
9
65
50
66
98
44
77
82
95
43
81
28
99
45
26
77
12
30
98
5
40
97
31
29
70
27
30
7
4
84
11
78
83
51
39
12
4
70
80
75
92
17
64
41
80
15
97
5
98
88
74
93
68
44
9
11
34
22
96
71
15
71
78
12
33
3
45
49
6
15
74
41
50
24
13
23
34
90
49
55
29
26
8
16
10
17
11
40
42
29
77
82
74
9
60
21
39
52
9
77
70
49
98
84
15
33
44
45
31
86
77
44
72
41
42
89
64
63
2
16
92
5
7
77
37
92
67
42
63
91
83
81
81
71
85
80
27
24
1
76
73
66
9
56
51
33
10
33
66
71
57
75
50
93
85
65
42
22
47
22
66
2
81
40
3
95
63
2
55
62
63
40
62
26
42
26
96
50
26
4
83
34
75
92
35
9
32
88
86
20
38
6
77
79
11
71
85
69
54
56
70
9
77
5
9
18
14
25
51
59
69
92
95
43
39
32
27
88
5
94
64
75
15
35
24
57
62
83
